Data set: ocr 
Size of training set: sequences 6202 (nodes: 53212) 
Size of test set: sequences 675 (nodes: 5817) 
Number of labels: 26 
Number of attributes: 7200 
 

numberEpochsFW:10
numberEpochsCKN:100
regParBCFW:1.0
regParSDCA:0.0001
lr:0.1
gpu:0
scaler:0
npass:10
sampling_scheme:gap
non_uniformity:0.8
sampler_period:None
line_search:golden
init_previous_step_size:0
size_patch:5
zero_prob:0.0
use_warm_start:1
predictor:sdca
numberEpochsUnsupCKN:100
benchmark:0
dataset:ocr
regularization:0.0001
save:all
skip_line_search:False
train_size:6202
test_size:675
precision:1e-07
fixed_step_size:None
warm_start:[unary: 
array([[-1.10765045e+01, -1.44063335e+01, -9.51968017e+00,
        -1.14662583e+01, -9.88000526e+00, -2.11979398e+01,
        -1.06441250e+01, -1.73416694e+01, -1.88711625e+01,
        -1.59758011e+01, -1.86242746e+01, -2.25368547e+01,
        -1.22322076e+01, -1.69787869e+01, -2.43893821e-04,
        -1.88957806e+01, -1.59377107e+01, -1.32495352e+01,
        -1.53199950e+01, -2.12162806e+01, -9.72564944e+00,
        -2.10462241e+01, -1.48294851e+01, -2.27563167e+01,
        -1.33141484e+01, -1.84385542e+01],
       [-7.75220611e+00, -1.50486434e+01, -1.98090991e+01,
        -1.52575215e+01, -1.66195141e+01, -1.74772668e+01,
        -1.28902854e+01, -1.44147194e+01, -1.61674259e+01,
        -1.46327100e+01, -1.50918756e+01, -2.35347022e+01,
        -2.79855529e-03, -7.22624295e+00, -6.72680109e+00,
        -1.48614856e+01, -1.68573395e+01, -8.33377431e+00,
        -1.97415458e+01, -1.48304004e+01, -1.10156661e+01,
        -1.71539853e+01, -8.63917245e+00, -1.69725578e+01,
        -1.62248888e+01, -1.65328527e+01],
       [-9.71524803e+00, -1.49800460e+01, -1.45730411e+01,
        -1.75025988e+01, -1.35893389e+01, -1.62096329e+01,
        -1.58288396e+01, -1.25431916e+01, -1.39028387e+01,
        -1.85406511e+01, -1.35647173e+01, -2.07877924e+01,
        -4.95116903e-04, -8.45800058e+00, -1.53174504e+01,
        -1.03972629e+01, -1.59334747e+01, -1.32158301e+01,
        -2.12954910e+01, -1.30278096e+01, -1.03156039e+01,
        -1.58914122e+01, -8.83180473e+00, -1.56384110e+01,
        -1.89144548e+01, -1.63642091e+01],
       [-8.84985798e-03, -1.34444193e+01, -1.14391113e+01,
        -1.54459537e+01, -1.15203329e+01, -1.31057533e+01,
        -1.35268452e+01, -1.44902077e+01, -5.10926253e+00,
        -1.43360739e+01, -1.31017557e+01, -1.73732361e+01,
        -1.37187548e+01, -8.64137702e+00, -1.06785390e+01,
        -1.54111243e+01, -1.60037198e+01, -1.46465119e+01,
        -1.40049311e+01, -1.56147091e+01, -5.97707516e+00,
        -1.56315596e+01, -1.84894279e+01, -1.29950129e+01,
        -1.76054761e+01, -1.55538757e+01],
       [-9.98448648e+00, -1.88532929e+01, -2.03338800e+01,
        -1.17117906e+01, -2.27265046e+01, -2.32483638e+01,
        -2.24583041e+01, -1.68982486e+01, -1.72271786e+01,
        -2.03485881e+01, -1.65707146e+01, -1.85027660e+01,
        -1.56611689e+01, -5.55513250e-05, -2.16350216e+01,
        -2.56818282e+01, -2.50647185e+01, -1.39220303e+01,
        -2.88017852e+01, -2.00007421e+01, -2.09217484e+01,
        -2.12270431e+01, -2.19281767e+01, -1.76828622e+01,
        -2.58579593e+01, -2.68108274e+01],
       [-1.48701777e+01, -1.07971319e+01, -2.37049280e+01,
        -4.70184779e-04, -1.96966651e+01, -1.75827894e+01,
        -7.76570880e+00, -1.64494126e+01, -2.40354535e+01,
        -1.90581596e+01, -1.29818249e+01, -2.21420906e+01,
        -2.10854222e+01, -1.61992657e+01, -1.12754458e+01,
        -2.73367335e+01, -1.31803490e+01, -1.94137561e+01,
        -1.81612758e+01, -1.63386716e+01, -1.64962083e+01,
        -1.60727514e+01, -1.97355496e+01, -1.18073807e+01,
        -2.09858510e+01, -1.46135385e+01],
       [-1.59710736e+01, -2.05179895e+01, -2.27768884e+01,
        -1.91799196e+01, -2.25391603e+01, -1.96241071e+01,
        -1.65714070e+01, -1.40541421e+01, -3.13282097e-06,
        -1.38186962e+01, -1.85390680e+01, -1.46541901e+01,
        -2.93931234e+01, -2.28274795e+01, -1.42749689e+01,
        -2.58405198e+01, -2.31445215e+01, -1.70676063e+01,
        -1.69597187e+01, -1.99262829e+01, -2.03489353e+01,
        -2.35447073e+01, -2.45113394e+01, -2.27375242e+01,
        -2.27957116e+01, -2.08448825e+01],
       [-1.08693940e+01, -2.43149028e+01, -1.83599307e+01,
        -1.49766928e+01, -2.44877744e+01, -2.03996871e+01,
        -1.51024598e+01, -1.78022580e+01, -1.64978175e+01,
        -1.89156732e+01, -2.24670265e+01, -1.67981542e+01,
        -1.56726033e+01, -3.21425765e-04, -8.10758540e+00,
        -2.41207487e+01, -2.16909812e+01, -1.94602929e+01,
        -2.10897402e+01, -1.84685165e+01, -1.58248243e+01,
        -1.69617032e+01, -2.10461237e+01, -2.06383325e+01,
        -2.36527431e+01, -1.98533838e+01],
       [-1.31233240e+01, -1.37145687e+01, -2.01251568e+01,
        -1.64932813e+01, -1.15687034e+01, -1.23397121e+01,
        -2.42171409e-02, -1.71113392e+01, -1.32530120e+01,
        -1.32186142e+01, -2.10481002e+01, -2.99152426e+01,
        -2.55958717e+01, -1.91886177e+01, -8.74327955e+00,
        -1.49416263e+01, -7.44641070e+00, -2.02650071e+01,
        -4.55398467e+00, -4.38023128e+00, -1.98959900e+01,
        -2.18173784e+01, -1.49766306e+01, -1.76762576e+01,
        -9.39195567e+00, -1.03854800e+01]])
 binary: 
array([[[-17.38583578, -20.72783104, -22.641675  , ..., -20.66335789,
         -23.97767662, -24.75148555],
        [-20.06072224, -25.72162822, -30.08334186, ..., -28.0608825 ,
         -27.26548125, -27.57516843],
        [-11.90959998, -24.47711837, -22.56484936, ..., -24.06829273,
         -23.44582903, -23.0949995 ],
        ...,
        [-28.34808836, -37.42221677, -38.65335099, ..., -37.19510295,
         -36.64184413, -36.52535388],
        [-21.28342206, -30.37026826, -31.74657181, ..., -30.12126404,
         -29.52629877, -29.55320423],
        [-22.41456193, -33.04757087, -34.66886573, ..., -32.75546269,
         -32.10644062, -26.32328501]],

       [[-17.63164311, -18.73768913, -16.02710516, ..., -16.79616296,
         -23.81427822, -21.68687976],
        [-24.02878353, -27.45442554, -27.19243274, ..., -27.91205602,
         -30.82499921, -28.2335384 ],
        [-25.43136579, -35.73313372, -29.22889766, ..., -33.38021893,
         -36.52121833, -33.30055954],
        ...,
        [-26.02072465, -32.83748979, -29.47827494, ..., -30.6583072 ,
         -33.86517432, -30.89246848],
        [-27.67824248, -34.5241833 , -31.28273123, ..., -32.38097124,
         -35.50658754, -32.63834314],
        [-23.96962414, -32.35665909, -29.36195277, ..., -30.1636928 ,
         -33.240527  , -24.56936637]],

       [[ -9.92618695, -19.1988471 , -14.05996699, ..., -15.83227501,
         -24.50895362, -22.87675392],
        [-15.38926044, -26.98144196, -24.29118979, ..., -26.01790994,
         -30.58582074, -28.48936803],
        [-14.57457585, -33.06753782, -24.10991826, ..., -29.35800336,
         -34.10209174, -31.34474257],
        ...,
        [-15.86865021, -30.86252152, -25.05309985, ..., -27.33890677,
         -32.15250317, -29.62911485],
        [-18.94844193, -33.96144433, -28.28983767, ..., -30.41193157,
         -35.18236306, -32.80260851],
        [-16.39159893, -32.94928349, -27.52294941, ..., -29.35739236,
         -34.07362616, -25.88552667]],

       ...,

       [[-28.14500074, -27.04962932, -29.97986097, ..., -29.6470307 ,
         -33.90506598, -32.4582293 ],
        [-27.24590884, -28.44750734, -32.93063867, ..., -33.4269687 ,
         -33.56492511, -31.69836347],
        [-34.90806486, -42.95682426, -42.15490166, ..., -45.27702078,
         -45.60528572, -43.04661731],
        ...,
        [-28.63357459, -33.26199321, -35.48649546, ..., -35.70410769,
         -36.11137313, -33.76659183],
        [-33.76122241, -38.18187375, -40.16509888, ..., -40.78623379,
         -41.11645474, -38.97296295],
        [-29.11556694, -34.9588131 , -36.9093073 , ..., -37.62199115,
         -37.8681975 , -29.98048486]],

       [[-29.70857015, -35.35184173, -33.33276644, ..., -31.96461366,
         -37.8011856 , -40.40130437],
        [-29.8126104 , -37.77850007, -38.15821038, ..., -36.78976777,
         -38.51591971, -40.65618311],
        [-27.66701529, -42.53539247, -36.68997277, ..., -38.79406765,
         -40.68592562, -42.17979189],
        ...,
        [-31.51371668, -42.89085706, -40.18481775, ..., -39.34137349,
         -41.30840483, -43.01921697],
        [-31.82077391, -43.21036359, -40.64266534, ..., -39.63714922,
         -41.56446495, -43.41829391],
        [-27.69280882, -40.62793846, -38.31500984, ..., -37.0127096 ,
         -38.88611811, -34.92932264]],

       [[-22.37243538, -16.14272983, -27.08697455, ..., -20.93441357,
         -14.97151069, -17.70303642],
        [-34.07693483, -30.16723892, -43.5432977 , ..., -37.36201501,
         -27.29011795, -29.55753384],
        [-24.85910846, -27.85636238, -34.97259834, ..., -32.30120473,
         -22.4034754 , -24.01118095],
        ...,
        [-29.87312731, -29.37725582, -39.59143764, ..., -34.00606595,
         -24.17501198, -26.01653871],
        [-32.97658535, -32.49276812, -42.64500768, ..., -37.09433737,
         -27.22541197, -29.21061799],
        [-28.44447185, -29.50633906, -40.15700989, ..., -34.07057718,
         -24.14412866, -20.31908122]]])
 unary: 
array([[-8.40683962e+00, -1.67818177e+01, -8.61488943e+00,
        -1.45014594e+01, -6.33822110e+00, -1.85864338e+01,
        -1.17051321e+01, -1.71453826e+01, -1.31447731e+01,
        -1.42555942e+01, -1.53073081e+01, -2.07030607e+01,
        -1.30780889e+01, -1.69775151e+01, -2.23804299e-03,
        -1.83105311e+01, -1.11452477e+01, -1.41125458e+01,
        -1.67825981e+01, -1.80708420e+01, -1.04439891e+01,
        -1.80981903e+01, -1.57780370e+01, -2.06132425e+01,
        -1.22092527e+01, -1.69796349e+01],
       [-7.12397683e+00, -1.18540905e+01, -1.52887355e+01,
        -1.25744095e+01, -1.17098313e+01, -1.28804132e+01,
        -1.12107027e+01, -1.04661067e+01, -1.26783429e+01,
        -1.19445771e+01, -1.07698362e+01, -1.56451457e+01,
        -7.90910668e-02, -3.64594591e+00, -7.97349609e+00,
        -1.26854680e+01, -1.48778845e+01, -7.97761151e+00,
        -1.53949400e+01, -1.03885398e+01, -3.08627380e+00,
        -1.36550479e+01, -5.93279951e+00, -1.46073349e+01,
        -1.45414728e+01, -1.42624032e+01],
       [-9.31939244e+00, -1.21010745e+01, -1.47934045e+01,
        -1.42357251e+01, -1.21971287e+01, -1.34921263e+01,
        -1.16485406e+01, -9.79323255e+00, -1.31580580e+01,
        -1.79813831e+01, -1.30751602e+01, -1.58514838e+01,
        -2.22343172e-02, -7.76805898e+00, -1.27240662e+01,
        -9.60442468e+00, -1.48536002e+01, -1.18346405e+01,
        -1.62061313e+01, -9.02048764e+00, -8.54836246e+00,
        -1.66464100e+01, -3.86327426e+00, -1.75817365e+01,
        -1.76818758e+01, -1.29387383e+01],
       [-5.48549000e-04, -1.18360399e+01, -1.92579064e+01,
        -1.16151493e+01, -7.68064153e+00, -1.34626136e+01,
        -1.34792780e+01, -1.63556895e+01, -1.22104215e+01,
        -1.88276747e+01, -1.20833858e+01, -2.00215612e+01,
        -1.19396590e+01, -1.46563490e+01, -1.50308358e+01,
        -1.81715971e+01, -1.29196761e+01, -1.23500702e+01,
        -1.86629401e+01, -1.97043013e+01, -1.00814479e+01,
        -2.24935107e+01, -1.80627680e+01, -1.39138503e+01,
        -2.02895154e+01, -1.63492911e+01],
       [-8.45843572e+00, -1.25833456e+01, -1.26385796e+01,
        -8.20604485e+00, -1.31998449e+01, -1.29521782e+01,
        -1.57862936e+01, -1.40566862e+01, -1.43918226e+01,
        -1.58113298e+01, -1.16879112e+01, -1.54608411e+01,
        -9.50950599e+00, -7.02227807e-04, -1.57505285e+01,
        -1.40740385e+01, -1.73069705e+01, -1.05688644e+01,
        -1.77680575e+01, -1.21641886e+01, -9.89868756e+00,
        -1.55548011e+01, -1.14086028e+01, -1.04760283e+01,
        -1.81936157e+01, -1.81463126e+01],
       [-1.42064304e+01, -1.16260729e+01, -1.21937315e+01,
        -1.30136666e-02, -1.79560153e+01, -1.17357470e+01,
        -7.51273419e+00, -1.05987425e+01, -1.19129753e+01,
        -1.19337109e+01, -1.26698901e+01, -1.24399207e+01,
        -2.25775330e+01, -1.80215939e+01, -1.36785638e+01,
        -2.57734341e+01, -1.82344274e+01, -1.79251014e+01,
        -8.13084363e+00, -4.42364133e+00, -1.26984165e+01,
        -1.08040813e+01, -1.74543700e+01, -1.20822997e+01,
        -1.56262489e+01, -1.69847879e+01],
       [-2.10445220e+01, -2.49592954e+01, -2.02829604e+01,
        -1.78715660e+01, -2.38825890e+01, -1.91003496e+01,
        -2.06435036e+01, -1.65245446e+01, -4.14928907e-07,
        -1.57647879e+01, -1.79067043e+01, -1.62529339e+01,
        -3.10320972e+01, -2.53198574e+01, -1.85168641e+01,
        -2.42620711e+01, -2.32727338e+01, -1.88003677e+01,
        -1.86448752e+01, -1.68607891e+01, -1.99278782e+01,
        -2.16088867e+01, -2.50832782e+01, -2.23561745e+01,
        -2.02754815e+01, -2.43739222e+01],
       [-9.77557071e+00, -1.72393445e+01, -1.68876927e+01,
        -1.15041344e+01, -2.37420867e+01, -1.68963470e+01,
        -1.27583945e+01, -1.43958061e+01, -1.56618750e+01,
        -1.89634324e+01, -1.46964599e+01, -1.67901618e+01,
        -1.17900031e+01, -1.52027575e-04, -1.46017056e+01,
        -2.39034051e+01, -2.07029871e+01, -1.72804221e+01,
        -1.99122118e+01, -1.69825674e+01, -9.54469353e+00,
        -1.57437637e+01, -1.50707946e+01, -1.44497487e+01,
        -2.22495970e+01, -1.51635242e+01],
       [-1.46557804e+01, -1.13696479e+01, -2.19634273e+01,
        -9.10390986e+00, -1.56380992e+01, -1.46114031e+01,
        -4.74566537e-03, -1.30003798e+01, -1.47458710e+01,
        -1.71608927e+01, -1.51020752e+01, -1.44332499e+01,
        -2.50144817e+01, -2.06278356e+01, -1.21107660e+01,
        -1.83524555e+01, -1.01535473e+01, -1.82579381e+01,
        -1.18826591e+01, -5.42230130e+00, -1.96014484e+01,
        -2.29431910e+01, -1.91023818e+01, -1.40111979e+01,
        -9.37803020e+00, -9.83826176e+00]])
 binary: 
array([[[-14.49060456, -15.41764068, -17.59449521, ..., -16.51113968,
         -20.22179042, -20.14788989],
        [-22.03012458, -25.30654307, -27.62626955, ..., -28.55967997,
         -28.09350711, -28.03655976],
        [-10.36939641, -19.97155419, -18.49033872, ..., -20.91348828,
         -20.61374685, -19.84653896],
        ...,
        [-25.40099192, -31.31531923, -31.18186419, ..., -32.64833716,
         -32.60407038, -31.8732556 ],
        [-19.27499758, -23.42986799, -22.92928685, ..., -25.66081434,
         -24.41122618, -25.78399485],
        [-20.02577109, -26.94462062, -27.21541034, ..., -28.53084143,
         -28.47795962, -22.64739482]],

       [[-16.51823739, -15.05976081, -17.02809665, ..., -18.54417313,
         -20.9483063 , -18.76065857],
        [-20.06277352, -20.34889993, -20.95714585, ..., -24.85778178,
         -22.90386505, -22.79800217],
        [-19.4349576 , -21.30633778, -20.84873571, ..., -24.97389771,
         -22.88889077, -25.2874343 ],
        ...,
        [-22.69522549, -24.03690775, -23.84926912, ..., -27.92962925,
         -25.78023175, -26.13439817],
        [-22.40910314, -22.62537362, -22.41593381, ..., -26.47056841,
         -24.42305263, -27.71132647],
        [-21.35829935, -25.80040096, -25.9453146 , ..., -29.08477208,
         -28.91916578, -20.08035095]],

       [[ -9.33528432, -16.97677526, -21.44179615, ..., -16.21774238,
         -24.85384711, -22.44082608],
        [-12.11037173, -21.77543507, -25.79285016, ..., -21.77412169,
         -25.40652201, -25.47924896],
        [-14.80558073, -24.51124379, -26.56626836, ..., -22.85924121,
         -26.26640654, -26.76237947],
        ...,
        [-17.58889973, -27.72537781, -29.93978635, ..., -26.34678141,
         -29.63859634, -29.68128727],
        [-17.73554861, -25.70758981, -28.2026773 , ..., -24.21182618,
         -27.73246263, -31.28600212],
        [-12.93915802, -27.77883985, -30.13421009, ..., -26.60464757,
         -31.8332292 , -23.2648865 ]],

       ...,

       [[-32.53368768, -30.30263492, -25.712173  , ..., -28.60072136,
         -28.8514362 , -31.2556553 ],
        [-33.11664144, -33.17889656, -28.61309845, ..., -32.74377627,
         -30.73753929, -33.27668586],
        [-28.50383962, -35.10375738, -28.17715407, ..., -33.13394534,
         -31.35036283, -34.28902053],
        ...,
        [-33.98922172, -36.08109192, -30.7646625 , ..., -34.80713869,
         -32.83384485, -35.42654042],
        [-33.48685512, -34.61568641, -29.24244667, ..., -33.52079539,
         -31.51515456, -33.93884742],
        [-36.0222091 , -35.05005662, -29.64227234, ..., -34.11196961,
         -32.01192455, -33.82642617]],

       [[-33.31508546, -33.34678445, -36.61462551, ..., -30.85602739,
         -41.60794179, -40.00577361],
        [-31.46594029, -35.34545473, -36.10579057, ..., -35.04983665,
         -40.63855763, -38.19077146],
        [-23.99360765, -32.51565436, -30.57093385, ..., -29.92375744,
         -35.00678178, -32.71188291],
        ...,
        [-29.63266984, -35.38720062, -35.19085964, ..., -32.76545259,
         -39.2875789 , -36.96343036],
        [-27.63641964, -33.45011853, -32.93203479, ..., -30.87579963,
         -35.80355313, -34.8772131 ],
        [-29.74118605, -36.87111046, -35.42041678, ..., -34.28446894,
         -40.08138734, -33.86645231]],

       [[-22.210798  , -12.46574574, -27.22344455, ..., -15.76336434,
         -13.32676998, -15.50251298],
        [-28.5116432 , -21.0619358 , -36.92224525, ..., -26.75714745,
         -20.20772006, -21.94124327],
        [-24.55363888, -23.65861097, -33.86693812, ..., -26.92540254,
         -20.50728999, -21.62028185],
        ...,
        [-25.19456141, -21.12829602, -34.45231299, ..., -24.2806237 ,
         -17.9677593 , -19.28217418],
        [-33.19786909, -27.00654761, -38.2297838 , ..., -32.39757506,
         -24.31891202, -27.53610119],
        [-25.63350146, -23.12834105, -35.97001501, ..., -26.21778192,
         -19.82121685, -15.46040655]]])
 unary: 
array([[-1.06407400e+01, -1.59662962e+01, -8.32467622e+00,
        -1.35768176e+01, -9.13728687e+00, -2.05481225e+01,
        -1.18119118e+01, -1.68878309e+01, -1.42573508e+01,
        -1.64773009e+01, -1.61943791e+01, -2.56531898e+01,
        -1.13324133e+01, -1.84966874e+01, -4.33057115e-04,
        -2.02590661e+01, -1.72745562e+01, -1.51458118e+01,
        -1.71957912e+01, -1.98978037e+01, -1.02660396e+01,
        -1.98782080e+01, -1.59871045e+01, -2.28310498e+01,
        -1.30707826e+01, -1.83509659e+01],
       [-1.42332900e+01, -1.38561230e+01, -2.61989653e+01,
        -1.68822253e+01, -1.55730905e+01, -1.73104226e+01,
        -1.40193409e+01, -1.41874308e+01, -1.80517225e+01,
        -1.73709055e+01, -1.17901416e+01, -2.01205101e+01,
        -8.54636677e-04, -7.85582431e+00, -1.07280317e+01,
        -1.41754975e+01, -1.82648470e+01, -7.90698238e+00,
        -2.34392080e+01, -1.47385997e+01, -1.24133594e+01,
        -1.80848383e+01, -9.73133444e+00, -1.42066402e+01,
        -1.47986799e+01, -1.64397716e+01],
       [-1.20077666e+01, -1.54061634e+01, -2.16494229e+01,
        -1.64234812e+01, -1.77710066e+01, -1.70305301e+01,
        -1.80117871e+01, -1.40505539e+01, -1.91053462e+01,
        -2.28344663e+01, -1.43450695e+01, -2.36470466e+01,
        -1.21345122e-04, -9.14005374e+00, -1.68034471e+01,
        -1.37343660e+01, -1.92334654e+01, -1.27902470e+01,
        -2.44716327e+01, -1.82348832e+01, -1.61327308e+01,
        -2.03232212e+01, -1.31032283e+01, -1.57717421e+01,
        -2.06001414e+01, -1.99249271e+01],
       [-3.43592526e-04, -1.32961492e+01, -1.63056275e+01,
        -1.30629690e+01, -1.39361089e+01, -2.02287720e+01,
        -1.43155666e+01, -1.77869273e+01, -1.28726231e+01,
        -1.81511912e+01, -1.69636151e+01, -2.30769409e+01,
        -1.13232005e+01, -1.37512142e+01, -1.23240437e+01,
        -2.23520252e+01, -1.85482636e+01, -1.78752193e+01,
        -2.14827739e+01, -2.33003423e+01, -8.05388447e+00,
        -1.85186121e+01, -2.09843527e+01, -1.94335778e+01,
        -1.95125106e+01, -1.96971121e+01],
       [-9.92312079e+00, -1.51766842e+01, -1.42807104e+01,
        -1.03144402e+01, -1.72261778e+01, -1.69426473e+01,
        -1.93804499e+01, -1.75698538e+01, -1.42714745e+01,
        -1.78840785e+01, -1.43257696e+01, -1.73100719e+01,
        -9.28042296e+00, -1.91108361e-04, -1.65297041e+01,
        -1.69409677e+01, -2.05074326e+01, -1.27134657e+01,
        -2.10423140e+01, -1.44816906e+01, -1.18896407e+01,
        -1.54933834e+01, -1.51475908e+01, -1.29150812e+01,
        -2.09398844e+01, -2.33915680e+01],
       [-1.46075786e+01, -1.44501064e+01, -2.17651599e+01,
        -1.66124769e-03, -1.77712432e+01, -1.30673743e+01,
        -6.43739869e+00, -1.74908889e+01, -2.26684386e+01,
        -1.94698427e+01, -1.32642343e+01, -1.56951001e+01,
        -2.74829376e+01, -1.46504298e+01, -1.54647791e+01,
        -2.03287008e+01, -1.02058130e+01, -1.75991245e+01,
        -1.83535123e+01, -1.15405254e+01, -1.65549259e+01,
        -1.74635473e+01, -2.19425992e+01, -1.19603137e+01,
        -1.64430417e+01, -1.48065143e+01],
       [-1.64994652e+01, -2.33210042e+01, -2.49983219e+01,
        -2.20588669e+01, -2.04272595e+01, -2.07487333e+01,
        -1.69071819e+01, -1.80441656e+01, -1.53824301e-05,
        -1.12296436e+01, -1.69145358e+01, -1.39191599e+01,
        -2.80305529e+01, -2.08066014e+01, -1.39285911e+01,
        -2.41844917e+01, -1.95521607e+01, -1.88080755e+01,
        -2.10430792e+01, -1.91458413e+01, -1.59408816e+01,
        -2.34327955e+01, -2.35958734e+01, -2.42446397e+01,
        -2.11293588e+01, -2.29997321e+01],
       [-1.02566303e+01, -2.20641410e+01, -1.82385984e+01,
        -1.44314464e+01, -2.49119401e+01, -2.06017579e+01,
        -1.33127860e+01, -1.50255646e+01, -1.31780165e+01,
        -1.80272185e+01, -1.94430038e+01, -1.61423110e+01,
        -1.13314134e+01, -1.37318029e-04, -1.12307273e+01,
        -2.51845593e+01, -2.31075266e+01, -2.11213621e+01,
        -2.22587662e+01, -1.95424333e+01, -9.54090761e+00,
        -1.49151867e+01, -1.52950026e+01, -1.96260427e+01,
        -2.26172021e+01, -2.02408622e+01],
       [-1.80886542e+01, -1.87408228e+01, -1.93083424e+01,
        -1.56913714e+01, -1.80826921e+01, -2.21796267e+01,
        -1.66541970e-04, -2.82449395e+01, -2.04087285e+01,
        -1.66707775e+01, -2.70824633e+01, -2.69928163e+01,
        -3.43596045e+01, -2.78728453e+01, -1.50201175e+01,
        -2.45594888e+01, -1.53941984e+01, -2.91669468e+01,
        -9.95716034e+00, -1.43246703e+01, -2.72934989e+01,
        -2.64392101e+01, -2.75372154e+01, -2.29243212e+01,
        -9.04693236e+00, -1.73091404e+01]])
 binary: 
array([[[-23.47276668, -19.09226006, -28.79906826, ..., -17.46431255,
         -22.1028478 , -24.21528496],
        [-27.98810611, -25.92891739, -38.08452301, ..., -26.70746877,
         -27.23528217, -28.87963757],
        [-16.98800914, -21.83781688, -27.71738585, ..., -19.86763906,
         -20.57073179, -21.55150834],
        ...,
        [-34.94056656, -36.29467481, -45.32051138, ..., -34.50692749,
         -35.2775047 , -36.49535458],
        [-27.57365116, -28.94026258, -38.10998926, ..., -27.13088094,
         -27.85633032, -29.2196055 ],
        [-28.83431716, -31.74506146, -41.15980104, ..., -29.89174202,
         -30.56501032, -26.11514212]],

       [[-26.36481288, -25.58881151, -29.04808358, ..., -22.98719399,
         -31.93574466, -31.68525937],
        [-25.11146494, -26.65675562, -32.56492397, ..., -26.46186954,
         -31.29957944, -30.5809597 ],
        [-34.09827717, -42.55256456, -42.18433985, ..., -39.60898395,
         -44.62194177, -43.23988589],
        ...,
        [-25.55571473, -30.51468112, -33.29263635, ..., -27.75306653,
         -32.83353338, -31.688462  ],
        [-28.5405367 , -33.51160775, -36.43385951, ..., -30.72850108,
         -35.76432229, -34.76443911],
        [-26.16274294, -32.67747371, -35.84497927, ..., -29.85064355,
         -34.83445127, -28.02092477]],

       [[-12.01517204, -21.14453961, -20.94072188, ..., -24.31086669,
         -28.51055214, -29.11500419],
        [-15.44910518, -26.89999779, -29.14522897, ..., -32.47262208,
         -32.56162444, -32.69835433],
        [-21.6495133 , -40.00955742, -35.97824259, ..., -42.83370731,
         -43.09833588, -42.57103727],
        ...,
        [-15.77550496, -30.63988897, -29.75447851, ..., -33.64619563,
         -33.97769855, -33.68791018],
        [-20.6038632 , -35.48054897, -34.73983384, ..., -38.46530347,
         -38.7518585 , -38.60694309],
        [-19.92558467, -36.34593211, -35.8503206 , ..., -39.28682136,
         -39.52181207, -33.56354781]],

       ...,

       [[-28.41421566, -29.60110536, -31.96557679, ..., -30.88940277,
         -32.00018685, -34.36212556],
        [-31.42627594, -34.93536827, -39.74816256, ..., -38.63012174,
         -35.62977591, -37.52464384],
        [-33.49573374, -43.9134027 , -42.45017137, ..., -44.85934404,
         -42.03487611, -43.26585728],
        ...,
        [-29.31486508, -36.23717976, -37.91975665, ..., -37.36537596,
         -34.607592  , -36.07599257],
        [-29.74344991, -36.67812998, -38.50571383, ..., -37.78478668,
         -34.983839  , -36.5958091 ],
        [-29.8417795 , -38.32100608, -40.39291486, ..., -39.38386334,
         -36.52935709, -32.32952839]],

       [[-29.62522555, -33.63069881, -33.743302  , ..., -31.47935145,
         -37.29660041, -41.32380538],
        [-32.11622079, -38.44397264, -41.00464741, ..., -38.69870881,
         -40.40507078, -43.96509274],
        [-29.19529004, -42.43130012, -38.71689235, ..., -39.93763361,
         -41.82017086, -44.71587572],
        ...,
        [-32.42591283, -42.1668799 , -41.59788016, ..., -39.85550627,
         -41.80421706, -44.93780337],
        [-29.56277372, -39.31586415, -38.89156587, ..., -36.9825669 ,
         -38.88877524, -42.16607893],
        [-29.25891018, -40.55647557, -40.37676348, ..., -38.17939096,
         -40.0317784 , -37.49727341]],

       [[-25.4589538 , -19.69496603, -24.3955712 , ..., -24.49260172,
         -12.76312777, -22.76578176],
        [-36.75902476, -33.31731557, -40.46634281, ..., -40.52101656,
         -24.68060446, -34.21636524],
        [-29.0716929 , -32.5385338 , -33.41228211, ..., -36.99435438,
         -21.32900916, -30.20082165],
        ...,
        [-33.8021745 , -33.77336344, -37.79242197, ..., -38.411089  ,
         -22.81317859, -31.92212539],
        [-36.88895148, -36.87269029, -41.03678663, ..., -41.48886653,
         -25.84639323, -35.10012799],
        [-32.80576036, -34.33374943, -38.74255695, ..., -38.90618599,
         -23.21126486, -26.65265181]]])
 ...
 unary: 
array([[-7.57174699e+00, -2.26429208e+01, -2.17002775e+01,
        -1.67333059e+01, -1.75866041e+01, -2.46852674e+01,
        -1.69948908e+01, -1.42797650e+01, -1.55909002e+01,
        -2.05763410e+01, -1.54682564e+01, -1.93699718e+01,
        -8.48318928e+00, -7.30264338e-04, -1.21263822e+01,
        -2.00732468e+01, -2.12715528e+01, -1.48517943e+01,
        -2.57467511e+01, -2.07966838e+01, -1.40474426e+01,
        -1.82782666e+01, -1.46520066e+01, -1.90233752e+01,
        -1.56626362e+01, -2.47312968e+01],
       [-1.65545943e+01, -1.32159821e+01, -2.66821382e-04,
        -1.46532584e+01, -9.28301476e+00, -1.60614072e+01,
        -9.16235845e+00, -1.93680645e+01, -1.20986489e+01,
        -1.80443652e+01, -1.95337776e+01, -1.62355512e+01,
        -2.82526924e+01, -2.39841371e+01, -1.07690711e+01,
        -2.32084932e+01, -1.36293246e+01, -1.50714055e+01,
        -1.01835310e+01, -1.46493858e+01, -2.03440601e+01,
        -1.89299304e+01, -2.08250510e+01, -2.36966608e+01,
        -2.13402906e+01, -1.78656902e+01],
       [-6.97646298e+00, -1.83225494e+01, -1.09858822e+01,
        -1.63147460e+01, -8.22520510e+00, -2.05193212e+01,
        -1.64588855e+01, -1.83572286e+01, -1.27864846e+01,
        -1.66511030e+01, -1.32994810e+01, -1.71729298e+01,
        -1.80964080e+01, -1.84932806e+01, -1.22611740e-03,
        -2.34502777e+01, -1.56952130e+01, -1.88060852e+01,
        -1.78927138e+01, -1.75765485e+01, -1.31118084e+01,
        -1.84384659e+01, -1.91055457e+01, -2.18762906e+01,
        -1.97956153e+01, -1.91644560e+01],
       [-1.64966473e+01, -1.75462994e+01, -2.49317451e+01,
        -1.89213659e+01, -1.89020912e+01, -2.31234875e+01,
        -1.54801036e+01, -1.33627559e+01, -1.39061075e+01,
        -1.67430996e+01, -1.06621270e+01, -2.04947319e+01,
        -4.93410867e+00, -8.01456431e-03, -1.41471726e+01,
        -2.13821194e+01, -2.12803279e+01, -1.36897464e+01,
        -2.45681087e+01, -1.90578277e+01, -7.19320287e+00,
        -1.30579648e+01, -1.25443513e+01, -1.79650412e+01,
        -1.56440027e+01, -2.36560532e+01],
       [-1.80069504e+01, -1.09831561e+01, -1.45272758e+01,
        -1.52127434e+01, -1.18275782e+01, -8.97501047e+00,
        -4.65923235e+00, -2.55323039e+01, -1.80423293e+01,
        -1.34268998e+01, -1.72202976e+01, -2.18241908e+01,
        -3.41824251e+01, -2.85911197e+01, -2.11437492e+01,
        -2.22744183e+01, -1.41912402e+01, -1.75639092e+01,
        -9.67723683e-03, -1.28234069e+01, -2.43333176e+01,
        -1.55869875e+01, -3.01298481e+01, -1.66538299e+01,
        -2.05605863e+01, -1.61348271e+01],
       [-1.33766479e+01, -1.54319548e+01, -1.33261599e+01,
        -2.05787525e+01, -1.39228595e-05, -1.60938496e+01,
        -1.67083546e+01, -2.21455390e+01, -2.20063561e+01,
        -1.99421565e+01, -1.85389545e+01, -2.54779928e+01,
        -2.31663655e+01, -2.68503195e+01, -1.50554860e+01,
        -2.06324299e+01, -1.73806364e+01, -1.97219453e+01,
        -1.15526637e+01, -1.79763201e+01, -2.01601276e+01,
        -2.44047379e+01, -2.39258921e+01, -2.04320934e+01,
        -1.92101115e+01, -1.46924834e+01],
       [-1.51201984e+01, -6.28054788e+00, -2.27859162e+01,
        -6.96247708e+00, -1.52569602e+01, -1.16061405e+01,
        -1.04563797e+01, -1.86583837e+01, -1.87621937e+01,
        -9.05660208e+00, -1.49474629e+01, -2.34486937e+01,
        -3.13493504e+01, -1.88831206e+01, -1.43848148e+01,
        -1.90478127e+01, -3.06589484e-03, -1.10119776e+01,
        -1.15859753e+01, -1.16903681e+01, -2.78288541e+01,
        -2.20213286e+01, -2.69904886e+01, -1.03829482e+01,
        -1.33676791e+01, -1.08467601e+01],
       [-1.41954595e+01, -1.56188029e+01, -1.48917576e+01,
        -1.23667700e+01, -1.41779594e+01, -1.88364893e+01,
        -1.35025973e+01, -1.38273004e+01, -1.51273968e+01,
        -1.44743772e+01, -1.06003118e+01, -1.15018603e+01,
        -1.37468101e+01, -1.09975469e+01, -1.77442441e+01,
        -2.12470386e+01, -1.95502489e+01, -1.46795983e+01,
        -2.02071689e+01, -1.76305157e+01, -2.42681625e-04,
        -8.62326206e+00, -1.58783796e+01, -1.80349145e+01,
        -1.85711500e+01, -1.71684756e+01],
       [-1.32283776e+01, -1.80881006e+01, -1.95165819e+01,
        -2.70143013e+01, -9.60120734e-06, -1.33004101e+01,
        -1.48045560e+01, -2.68765310e+01, -2.49419229e+01,
        -2.61592706e+01, -1.47470669e+01, -2.52366999e+01,
        -2.36429273e+01, -2.39239434e+01, -1.73724230e+01,
        -2.03750290e+01, -1.97436936e+01, -1.29129918e+01,
        -1.68815565e+01, -2.16149075e+01, -2.34645543e+01,
        -2.41327037e+01, -2.95429566e+01, -1.81493136e+01,
        -2.11674999e+01, -1.27909187e+01],
       [-8.51140510e+00, -1.67220674e+01, -1.76819877e+01,
        -1.34224525e+01, -1.67763128e+01, -2.18576913e+01,
        -1.56864151e+01, -1.14914471e+01, -1.79498430e+01,
        -1.70907180e+01, -1.21277802e+01, -1.91471648e+01,
        -1.13721011e+01, -1.11558123e-02, -1.27927947e+01,
        -2.13510506e+01, -1.27664943e+01, -4.52327541e+00,
        -1.98230213e+01, -1.53565790e+01, -1.53567482e+01,
        -1.30567635e+01, -1.70148106e+01, -1.38820943e+01,
        -1.37181105e+01, -2.14142311e+01],
       [-1.96041919e+01, -1.39924933e+01, -1.69897463e+01,
        -1.02450014e+01, -1.51352783e+01, -8.54784379e+00,
        -1.07693382e+01, -1.40047183e+01, -1.30124779e+01,
        -1.77336915e+01, -1.37714815e+01, -1.66090948e+01,
        -2.21320248e+01, -1.51871380e+01, -1.60225310e+01,
        -1.88668880e+01, -1.35987448e+01, -1.51514551e+01,
        -1.17448029e+01, -2.73416836e-04, -1.22388366e+01,
        -1.40864895e+01, -1.89291051e+01, -1.31508526e+01,
        -1.72039254e+01, -1.59315397e+01],
       [-1.86626141e+01, -2.25908186e+01, -1.26188008e+01,
        -1.90591638e+01, -1.76179645e+01, -1.53987813e+01,
        -2.29645149e+01, -7.99231337e+00, -2.37079054e-03,
        -1.39145616e+01, -1.48889304e+01, -1.27287956e+01,
        -2.39808229e+01, -1.94333466e+01, -1.74119265e+01,
        -1.70587069e+01, -2.21521448e+01, -6.22422185e+00,
        -2.20089751e+01, -1.00973135e+01, -1.98100678e+01,
        -1.93492140e+01, -2.12831311e+01, -2.04004043e+01,
        -1.89402853e+01, -1.73440741e+01],
       [-1.14671893e-03, -1.20611268e+01, -7.63139042e+00,
        -1.13815323e+01, -9.91974220e+00, -1.12834411e+01,
        -1.17014811e+01, -1.46635684e+01, -1.08625903e+01,
        -1.73774417e+01, -1.35448546e+01, -1.66687631e+01,
        -1.36682425e+01, -1.13617141e+01, -9.87490712e+00,
        -1.87870744e+01, -1.48781576e+01, -1.45900709e+01,
        -1.17929870e+01, -1.35198136e+01, -9.29587769e+00,
        -1.56681953e+01, -1.21808164e+01, -1.40831766e+01,
        -1.78000984e+01, -7.87264856e+00],
       [-2.07078054e+01, -1.22080431e+01, -1.46653213e+01,
        -1.11258852e+01, -1.88230956e+01, -8.79946230e+00,
        -1.48312367e+01, -1.03159481e+01, -7.84104608e+00,
        -1.26878669e+01, -1.01451870e+01, -1.78353296e-02,
        -2.71134734e+01, -1.35756327e+01, -1.74382528e+01,
        -1.01023023e+01, -1.73158967e+01, -6.07201185e+00,
        -1.59363886e+01, -4.39996378e+00, -1.70971134e+01,
        -1.48502696e+01, -2.13714639e+01, -7.76557508e+00,
        -6.22186900e+00, -1.46673308e+01]])
 binary: 
array([[[-26.33007843, -16.60071255,  -7.57192718, ..., -27.56159776,
         -27.34777409, -25.80511323],
        [-36.41942014, -29.23928123, -22.64727379, ..., -42.5586492 ,
         -37.20286135, -36.26618371],
        [-35.13514051, -34.55851052, -21.70048287, ..., -45.03534906,
         -39.00013783, -38.35034512],
        ...,
        [-32.18210824, -28.73558961, -19.0248172 , ..., -39.42193897,
         -32.58564299, -32.97638627],
        [-27.22036679, -25.21889235, -15.66441694, ..., -35.28152476,
         -27.14336236, -29.19224863],
        [-36.03381272, -34.11177973, -24.73536716, ..., -44.507754  ,
         -36.97400057, -32.5960904 ]],

       [[-24.02756485, -26.16490129, -22.65414929, ..., -30.12872609,
         -29.39308785, -32.23210742],
        [-23.54090524, -27.98749065, -26.9193109 , ..., -34.34257886,
         -30.92350545, -32.03851198],
        [ -6.97659779, -18.32787996, -10.9872925 , ..., -21.93855554,
         -19.81271557, -19.16781421],
        ...,
        [-31.3955923 , -39.24634025, -35.05240017, ..., -43.04153596,
         -37.92908059, -40.4638595 ],
        [-28.39326398, -35.42946017, -31.82259697, ..., -39.07802938,
         -29.65309731, -34.19682507],
        [-23.71138689, -33.12597264, -29.31562292, ..., -36.85653316,
         -32.31828636, -28.62932344]],

       [[-25.50917312, -22.62137733, -27.23464689, ..., -21.10960843,
         -22.89583911, -31.25432967],
        [-32.42223554, -31.84774804, -38.90674185, ..., -32.70492835,
         -30.21481841, -38.30937983],
        [-20.6132939 , -26.93462646, -27.71873772, ..., -25.07075226,
         -23.27614981, -30.20616322],
        ...,
        [-35.4747271 , -38.3001298 , -42.23766052, ..., -36.59692786,
         -34.02033614, -42.01660579],
        [-30.68839341, -33.531785  , -39.74958726, ..., -30.36444939,
         -25.10587954, -35.46921332],
        [-30.82237581, -35.1758926 , -39.53771825, ..., -33.27014272,
         -29.40503509, -33.15755229]],

       ...,

       [[-37.54021256, -32.98786724, -23.50730298, ..., -31.33144955,
         -38.03279034, -33.1029464 ],
        [-34.15190299, -31.90666175, -24.87027771, ..., -32.63383136,
         -35.28479634, -29.85660152],
        [-31.87843073, -36.57363794, -23.26642667, ..., -34.31506138,
         -37.35501113, -31.2880167 ],
        ...,
        [-33.68903375, -34.84432999, -24.68053135, ..., -33.01877581,
         -35.89762026, -30.04720986],
        [-34.84503157, -36.0017376 , -26.02203012, ..., -34.15319743,
         -34.75123702, -31.32047528],
        [-34.13564105, -36.8610234 , -27.07988961, ..., -34.96891535,
         -37.65798597, -26.23923876]],

       [[-18.71056521, -22.98105838, -22.47540233, ..., -25.29943953,
         -31.84554958, -28.28451272],
        [-22.64067935, -29.22808012, -31.16555606, ..., -33.93774079,
         -36.38252464, -32.36949354],
        [-12.61913244, -26.11193983, -21.77696169, ..., -28.07419234,
         -30.68384709, -26.01951757],
        ...,
        [-20.40707257, -30.40186169, -29.20545787, ..., -32.53752832,
         -35.23157999, -30.78715921],
        [-18.94489803, -28.96015898, -27.90913396, ..., -31.08818063,
         -33.72219252, -29.43037941],
        [-17.34766664, -28.90845584, -28.10224284, ..., -30.99331602,
         -33.57670598, -23.47821183]],

       [[-21.03534947, -12.20826221, -14.66808722, ...,  -7.76707206,
          -6.23158356, -16.05338439],
        [-31.25975382, -24.74875087, -29.6226354 , ..., -22.69250892,
         -17.06198842, -26.42411733],
        [-22.37488297, -22.76372774, -21.36165705, ..., -17.89716831,
         -12.48024571, -21.20442351],
        ...,
        [-30.61623587, -27.50878239, -29.24312209, ..., -22.84720492,
         -17.48545904, -26.43410982],
        [-36.63118157, -33.56596064, -35.47336947, ..., -28.94313715,
         -22.97714954, -32.10090961],
        [-23.41354921, -21.87364128, -24.006774  , ..., -17.17762169,
         -11.68601875, -14.96608084]]])
 unary: 
array([[-1.08190354e+01, -2.64817269e+01, -2.79002419e+01,
        -1.97932997e+01, -1.97965659e+01, -2.55871734e+01,
        -2.16384533e+01, -1.39891517e+01, -1.86045405e+01,
        -2.56954490e+01, -1.79465508e+01, -1.82266101e+01,
        -1.31817544e+01, -2.32914031e-05, -1.64092387e+01,
        -1.96808518e+01, -2.49511545e+01, -1.48899373e+01,
        -3.09287216e+01, -2.38598660e+01, -1.71785494e+01,
        -1.74658932e+01, -1.85873172e+01, -2.37444294e+01,
        -1.76915500e+01, -3.08925844e+01],
       [-1.72804568e+01, -1.84433704e+01, -8.53114176e-04,
        -1.51187332e+01, -7.13149113e+00, -1.43732033e+01,
        -1.27152006e+01, -2.05085396e+01, -1.42936189e+01,
        -1.88001103e+01, -1.66272195e+01, -1.73458223e+01,
        -2.90059988e+01, -2.50148789e+01, -1.05322599e+01,
        -2.54502220e+01, -1.73060300e+01, -1.23115408e+01,
        -1.10279195e+01, -1.36836060e+01, -2.32455981e+01,
        -1.74087997e+01, -2.39561314e+01, -2.01487535e+01,
        -2.62486697e+01, -1.82609145e+01],
       [-6.60847901e+00, -1.69185001e+01, -1.00413275e+01,
        -1.55579445e+01, -6.40663777e+00, -1.99920940e+01,
        -1.46017272e+01, -2.08194468e+01, -1.27729804e+01,
        -1.87273791e+01, -1.35202497e+01, -1.82186957e+01,
        -2.20898577e+01, -1.70187285e+01, -3.05348569e-03,
        -2.12572450e+01, -1.54665291e+01, -1.73436451e+01,
        -1.77806319e+01, -2.08184260e+01, -1.43752266e+01,
        -2.07960720e+01, -2.05996110e+01, -2.06269132e+01,
        -2.01304929e+01, -1.63076600e+01],
       [-1.63556476e+01, -1.65582957e+01, -3.33418942e+01,
        -1.96809774e+01, -2.55586999e+01, -2.59944985e+01,
        -1.61534319e+01, -1.33297547e+01, -1.61851337e+01,
        -1.92087465e+01, -1.22549132e+01, -2.64803665e+01,
        -8.86088425e+00, -1.64334039e-04, -1.97078115e+01,
        -2.55921065e+01, -2.55745839e+01, -1.33727733e+01,
        -2.85864274e+01, -2.33588653e+01, -1.11950671e+01,
        -1.63279715e+01, -1.48247239e+01, -2.04044550e+01,
        -1.80419417e+01, -2.67054639e+01],
       [-2.36414526e+01, -1.73318398e+01, -1.81640139e+01,
        -2.13270772e+01, -1.63551050e+01, -1.95864450e+01,
        -8.37991970e+00, -2.79035509e+01, -2.22945144e+01,
        -1.84510652e+01, -2.38347281e+01, -3.21837827e+01,
        -3.18771686e+01, -3.59456110e+01, -1.85261241e+01,
        -3.30898719e+01, -1.78549272e+01, -2.69311881e+01,
        -2.48015219e-04, -1.09088525e+01, -3.01658753e+01,
        -2.42902576e+01, -3.18754128e+01, -2.29126938e+01,
        -2.15170348e+01, -1.61368862e+01],
       [-1.45738087e+01, -1.69749852e+01, -1.55994079e+01,
        -1.68223602e+01, -7.58103312e-06, -1.47059282e+01,
        -1.60798830e+01, -1.64041714e+01, -1.96384493e+01,
        -2.11357127e+01, -1.40971441e+01, -2.41170283e+01,
        -1.41612514e+01, -2.08286576e+01, -1.38174671e+01,
        -2.01302365e+01, -1.54838920e+01, -1.87983378e+01,
        -1.34359071e+01, -1.35095272e+01, -1.84680078e+01,
        -2.11780862e+01, -1.72663070e+01, -1.80711567e+01,
        -1.93992119e+01, -1.41417920e+01],
       [-1.52808421e+01, -9.56072485e+00, -2.80259335e+01,
        -1.27311390e+01, -1.14292747e+01, -1.67225159e+01,
        -1.02427429e+01, -2.48607191e+01, -2.86086587e+01,
        -1.87458529e+01, -1.56565504e+01, -2.63265069e+01,
        -2.34481449e+01, -2.17839290e+01, -1.55088208e+01,
        -1.29699980e+01, -1.71894824e-04, -1.06404669e+01,
        -1.82949948e+01, -1.31820792e+01, -2.49183731e+01,
        -1.87085161e+01, -2.92850728e+01, -1.08719500e+01,
        -1.59038145e+01, -1.24069159e+01],
       [-2.26990816e+01, -1.97184550e+01, -1.40564502e+01,
        -1.56661512e+01, -1.50421951e+01, -1.89501609e+01,
        -1.68474186e+01, -1.54764990e+01, -1.88536272e+01,
        -1.73256597e+01, -1.14019405e+01, -9.90539207e+00,
        -1.89100995e+01, -1.09593337e+01, -1.38892981e+01,
        -1.73046714e+01, -2.34446554e+01, -1.63374244e+01,
        -2.27251208e+01, -1.95140842e+01, -6.41644169e-03,
        -5.06545236e+00, -1.24958988e+01, -2.03301643e+01,
        -1.66565796e+01, -2.13279343e+01],
       [-8.67625428e+00, -1.59001051e+01, -1.62853929e+01,
        -1.98226176e+01, -6.18283365e-04, -1.06297780e+01,
        -9.87542322e+00, -2.14839792e+01, -1.30797378e+01,
        -1.91827066e+01, -1.41837681e+01, -1.94674909e+01,
        -1.45462785e+01, -2.08880224e+01, -8.20566181e+00,
        -1.77611391e+01, -1.53882714e+01, -1.05353340e+01,
        -1.15128121e+01, -1.46141602e+01, -2.01936022e+01,
        -2.25879896e+01, -2.48521613e+01, -1.86553791e+01,
        -1.78209634e+01, -9.75464388e+00],
       [-1.17757912e+01, -2.21277431e+01, -2.20462835e+01,
        -1.26951808e+01, -2.22241748e+01, -2.47668984e+01,
        -2.09402301e+01, -1.31911495e+01, -2.15498715e+01,
        -1.92368975e+01, -1.58787892e+01, -2.04801304e+01,
        -9.29073181e+00, -1.49162211e-04, -1.68324914e+01,
        -2.25126407e+01, -2.01025222e+01, -1.00386424e+01,
        -2.34431325e+01, -1.84271249e+01, -1.68559684e+01,
        -1.56567455e+01, -1.75121661e+01, -1.57319078e+01,
        -2.07772131e+01, -2.26138840e+01],
       [-1.48083040e+01, -1.25491458e+01, -1.58744477e+01,
        -9.76834894e+00, -1.35979849e+01, -7.73999534e+00,
        -6.34243859e+00, -1.21627471e+01, -1.00791606e+01,
        -1.49341502e+01, -1.20251599e+01, -1.26476449e+01,
        -1.71852437e+01, -1.34724318e+01, -1.01941247e+01,
        -1.45453525e+01, -1.14806007e+01, -9.55577111e+00,
        -1.02037858e+01, -4.94020633e-03, -1.31905602e+01,
        -9.34470315e+00, -1.52249830e+01, -6.13729151e+00,
        -1.23119225e+01, -8.50996388e+00],
       [-2.38215736e+01, -1.98328970e+01, -1.23029856e+01,
        -1.77356574e+01, -1.56218568e+01, -9.13562166e+00,
        -1.60181276e+01, -8.32974622e+00, -4.39579825e-03,
        -1.41277673e+01, -1.68868373e+01, -1.04900396e+01,
        -2.82260906e+01, -2.51935272e+01, -2.01642502e+01,
        -1.44281237e+01, -1.88273657e+01, -9.21204997e+00,
        -9.72276350e+00, -5.59204871e+00, -2.18360178e+01,
        -1.52207933e+01, -2.03766803e+01, -1.51496667e+01,
        -9.06703687e+00, -1.57253447e+01],
       [-6.71364860e-03, -1.02739011e+01, -1.38639983e+01,
        -1.27819110e+01, -1.18660983e+01, -1.27413786e+01,
        -1.02511050e+01, -1.59922455e+01, -1.71636060e+01,
        -1.76849531e+01, -1.82566987e+01, -1.68058685e+01,
        -9.37120169e+00, -6.07451933e+00, -5.68899415e+00,
        -1.37256737e+01, -1.48097528e+01, -1.50461617e+01,
        -1.38156585e+01, -1.41795137e+01, -8.13341886e+00,
        -1.41921834e+01, -1.06436503e+01, -1.74828526e+01,
        -1.36786162e+01, -7.56986233e+00],
       [-2.14824048e+01, -1.08572078e+01, -1.59602106e+01,
        -9.86738706e+00, -1.59728294e+01, -8.93974580e+00,
        -1.11340536e+01, -1.05201562e+01, -6.36802793e+00,
        -1.15823320e+01, -1.18977186e+01, -2.10665725e-02,
        -2.53324630e+01, -1.28870964e+01, -1.56965228e+01,
        -1.06386683e+01, -1.72494642e+01, -7.75659653e+00,
        -1.15743635e+01, -4.15158954e+00, -1.40370144e+01,
        -1.17388668e+01, -1.80141620e+01, -7.76924564e+00,
        -6.10357588e+00, -1.38387384e+01]])
 binary: 
array([[[-30.38516193, -24.60571445, -10.81965166, ..., -27.22260121,
         -35.673338  , -29.43269022],
        [-41.30341736, -37.84299436, -26.49711224, ..., -42.86625768,
         -47.18730239, -40.50007672],
        [-42.10334157, -45.54788845, -27.9012251 , ..., -47.79128553,
         -50.90634033, -44.96927079],
        ...,
        [-38.26217291, -38.21629221, -23.74812859, ..., -40.67197248,
         -45.24949797, -38.12168209],
        [-32.05127289, -32.01697261, -17.6947585 , ..., -34.45114324,
         -38.99079505, -32.00253091],
        [-44.87130746, -46.37635175, -30.89810925, ..., -48.68870917,
         -51.06112568, -40.46059009]],

       [[-24.39932177, -25.49401303, -22.44050542, ..., -29.95932615,
         -32.98204924, -30.28594337],
        [-28.39858069, -31.81233477, -31.20910351, ..., -38.68453093,
         -37.59581282, -34.43448827],
        [ -6.60925521, -16.93096773, -10.05266014, ..., -21.05411066,
         -20.14069766, -16.31620363],
        ...,
        [-27.48381553, -34.30975852, -30.57733477, ..., -38.61614432,
         -37.76924902, -34.18190558],
        [-32.03591607, -38.87395087, -35.28655101, ..., -43.15780241,
         -42.26798471, -38.82574496],
        [-23.75931144, -32.14443184, -28.79955288, ..., -36.38392544,
         -35.44205896, -26.18566794]],

       [[-25.06229682, -21.28831594, -35.51855747, ..., -23.26130788,
         -24.83883642, -33.96988685],
        [-30.89400677, -29.43724858, -46.1186198 , ..., -33.81469667,
         -31.28401535, -39.94977771],
        [-19.53603988, -24.9894449 , -35.39315375, ..., -26.6189485 ,
         -24.26097184, -32.26330342],
        ...,
        [-34.11556497, -36.07381009, -49.62331395, ..., -37.88397296,
         -35.59363785, -43.83345639],
        [-33.874377  , -35.84339631, -49.53899604, ..., -37.62028273,
         -35.29842171, -43.68256844],
        [-27.86686071, -31.38280722, -45.32115706, ..., -33.12859868,
         -30.74216893, -33.31215136]],

       ...,

       [[-38.87324975, -26.41821661, -19.40020681, ..., -22.25211195,
         -24.35630869, -27.91329989],
        [-37.87498051, -27.74002689, -23.17013174, ..., -25.97846058,
         -23.97267771, -27.06489687],
        [-36.10220966, -32.87550876, -22.03168034, ..., -28.36633576,
         -26.53462498, -28.96335539],
        ...,
        [-31.83161478, -25.11010327, -17.41056572, ..., -20.78301639,
         -19.01806735, -21.68397699],
        [-34.21407552, -27.5044876 , -19.94940734, ..., -23.15586224,
         -21.34860016, -24.15841695],
        [-31.8824392 , -26.71852401, -19.40869773, ..., -22.3265703 ,
         -20.4660362 , -17.46324755]],

       [[-23.96259431, -26.42984835, -33.95049311, ..., -33.92658053,
         -33.37405566, -33.23468815],
        [-20.03354067, -24.82117929, -34.79132122, ..., -34.72333377,
         -30.06028986, -29.45544754],
        [-12.30605002, -24.000858  , -27.69540624, ..., -31.04599301,
         -26.65337961, -25.39649776],
        ...,
        [-15.16831731, -23.36896554, -30.20913744, ..., -30.7054268 ,
         -26.28359388, -25.25283067],
        [ -9.08657552, -17.29941772, -24.28442666, ..., -24.61312014,
         -20.15088874, -19.26270134],
        [-15.73149333, -25.48987627, -32.71884935, ..., -32.75965411,
         -28.24346733, -21.54376868]],

       [[-22.24281739, -10.8637617 , -16.02828484, ...,  -7.77183434,
          -6.16383816, -15.44360691],
        [-30.67656746, -21.6164996 , -29.23133948, ..., -20.93075811,
         -15.21171682, -24.02609464],
        [-29.80785836, -27.65649334, -28.99551917, ..., -24.22166891,
         -18.67776954, -26.82889422],
        ...,
        [-35.43955696, -29.7933496 , -34.27540611, ..., -26.54012046,
         -21.06286597, -29.4510079 ],
        [-33.74371971, -28.10941047, -32.73677799, ..., -24.83475809,
         -19.31612054, -27.84761678],
        [-24.36912704, -20.28063049, -25.15303437, ..., -16.96229057,
         -11.38967941, -14.1085964 ]]])
 unary: 
array([[-6.38415962e+00, -1.90563294e+01, -2.03285982e+01,
        -1.67840238e+01, -1.58371737e+01, -2.33611427e+01,
        -1.12496859e+01, -1.11910043e+01, -1.41152848e+01,
        -1.90450776e+01, -1.43278589e+01, -1.56872522e+01,
        -7.94544978e+00, -2.14432754e-03, -1.25608357e+01,
        -1.71462368e+01, -1.65271078e+01, -1.41717102e+01,
        -2.37950409e+01, -1.82583158e+01, -1.11743313e+01,
        -1.69780628e+01, -1.41448419e+01, -1.55396859e+01,
        -9.86655619e+00, -1.99931443e+01],
       [-1.17595799e+01, -1.60599835e+01, -1.78967122e-03,
        -9.50522912e+00, -7.01652000e+00, -1.46111153e+01,
        -8.62334055e+00, -2.11862977e+01, -1.83275704e+01,
        -1.77112535e+01, -1.78572263e+01, -9.73909780e+00,
        -1.99242506e+01, -1.58629716e+01, -7.48794551e+00,
        -1.68547004e+01, -1.38799919e+01, -1.34951957e+01,
        -1.80453709e+01, -1.53717756e+01, -1.44042988e+01,
        -1.19736285e+01, -1.90370330e+01, -1.71726540e+01,
        -1.91360034e+01, -1.71765450e+01],
       [-1.54562838e+00, -1.16884844e+01, -9.39157524e+00,
        -1.04885197e+01, -3.74846519e+00, -1.17479308e+01,
        -1.16355796e+01, -1.29610454e+01, -9.71219563e+00,
        -1.27022167e+01, -8.44382212e+00, -1.55118539e+01,
        -1.18213058e+01, -9.90447200e+00, -2.71407195e-01,
        -1.22460041e+01, -7.83771240e+00, -1.18722087e+01,
        -1.59941242e+01, -1.41560028e+01, -9.66068486e+00,
        -1.52680382e+01, -1.17135192e+01, -1.20435468e+01,
        -1.55902019e+01, -1.32387730e+01],
       [-6.25796968e+00, -8.86470997e+00, -1.24838805e+01,
        -1.51410476e+01, -1.05352821e+01, -8.57798953e+00,
        -6.58352735e+00, -1.24155698e+01, -1.67370247e+01,
        -1.49912341e+01, -8.13069435e+00, -1.05217860e+01,
        -8.02086340e+00, -1.89256828e-01, -9.98899447e+00,
        -8.91549210e+00, -8.67636058e+00, -4.24385918e+00,
        -1.66138014e+01, -8.02987250e+00, -1.89346554e+00,
        -6.55940961e+00, -8.80785657e+00, -7.94278825e+00,
        -7.40228559e+00, -1.22991021e+01],
       [-5.47134331e+00, -7.27707933e+00, -3.66836758e+00,
        -4.68539766e+00, -4.79915627e+00, -6.71654607e+00,
        -2.40610662e+00, -7.64627068e+00, -1.80891000e+00,
        -6.85704730e+00, -7.13758644e+00, -2.31970578e+00,
        -7.47497951e+00, -3.71441624e+00, -7.20730195e+00,
        -7.87553486e+00, -1.66300555e+00, -3.94066564e+00,
        -2.20918929e+00, -1.84029304e+00, -3.27905199e+00,
        -3.64348113e+00, -3.75783867e+00, -6.35493929e+00,
        -8.69411294e+00, -5.62779802e+00],
       [-4.30468238e+00, -6.71562183e+00, -4.50506462e+00,
        -6.46948880e+00, -4.05942438e+00, -5.19634639e+00,
        -4.30211498e+00, -4.43231949e+00, -1.20236359e+00,
        -6.14523534e+00, -6.25942821e+00, -1.92543795e+00,
        -7.26003482e+00, -3.29784351e+00, -7.06992334e+00,
        -7.13843593e+00, -2.64109559e+00, -3.37499198e+00,
        -3.36233883e+00, -3.09233192e+00, -1.65882560e+00,
        -4.43353028e+00, -6.02536601e+00, -5.92497698e+00,
        -4.18065500e+00, -3.62560978e+00],
       [-4.18905215e+00, -6.42551638e+00, -4.07762407e+00,
        -6.19293474e+00, -4.52607206e+00, -4.82960198e+00,
        -4.48448065e+00, -5.77454206e+00, -1.43325737e+00,
        -5.95960338e+00, -6.28358157e+00, -1.33888027e+00,
        -6.66577655e+00, -2.62930914e+00, -7.19491423e+00,
        -7.17611600e+00, -3.12975394e+00, -3.31010919e+00,
        -2.89775333e+00, -3.11995169e+00, -2.58898336e+00,
        -4.34658578e+00, -6.02727503e+00, -5.58695984e+00,
        -3.98690172e+00, -2.83561081e+00],
       [-3.97928968e+00, -6.28460620e+00, -3.92317204e+00,
        -6.17029934e+00, -4.06205847e+00, -5.06607577e+00,
        -4.38576087e+00, -5.54663677e+00, -1.10099200e+00,
        -6.20059446e+00, -6.22789838e+00, -1.71928174e+00,
        -6.85675441e+00, -2.86019382e+00, -7.04266817e+00,
        -6.94680395e+00, -2.96171478e+00, -3.80448647e+00,
        -2.95625881e+00, -3.03306765e+00, -2.96408760e+00,
        -4.46651364e+00, -5.55243715e+00, -5.69744997e+00,
        -3.32548588e+00, -2.79123014e+00],
       [-4.30568221e+00, -6.51907751e+00, -4.01805692e+00,
        -6.01335927e+00, -4.50871744e+00, -4.76547029e+00,
        -4.57380045e+00, -5.66341460e+00, -1.28515366e+00,
        -5.81590238e+00, -6.15058396e+00, -1.46592878e+00,
        -6.76648041e+00, -2.66837045e+00, -7.11176144e+00,
        -7.16009961e+00, -2.74772572e+00, -3.83428077e+00,
        -3.20429864e+00, -2.96991700e+00, -2.87357219e+00,
        -4.28297156e+00, -5.98479911e+00, -5.47589905e+00,
        -3.98228289e+00, -2.61242975e+00],
       [-3.82089453e+00, -6.34057336e+00, -3.78275258e+00,
        -6.29219934e+00, -3.88205151e+00, -5.24916644e+00,
        -4.42873810e+00, -5.57158362e+00, -1.13670603e+00,
        -6.36039197e+00, -6.55518786e+00, -1.91686784e+00,
        -7.09766780e+00, -2.62448748e+00, -7.01849738e+00,
        -6.82369667e+00, -3.34667612e+00, -4.03828730e+00,
        -2.55289844e+00, -3.27705153e+00, -2.61106930e+00,
        -4.59979701e+00, -5.31125560e+00, -5.91610948e+00,
        -3.27843964e+00, -2.71067211e+00],
       [-4.61474757e+00, -6.54298423e+00, -4.13176863e+00,
        -5.88305172e+00, -4.83762330e+00, -4.61613290e+00,
        -4.54835788e+00, -5.65336206e+00, -1.58216505e+00,
        -5.58295349e+00, -6.06676232e+00, -1.23645846e+00,
        -6.80052808e+00, -2.81737976e+00, -7.03497021e+00,
        -7.54858285e+00, -2.18557214e+00, -3.67186875e+00,
        -3.50043144e+00, -2.80852319e+00, -3.26193894e+00,
        -4.39507036e+00, -6.09156205e+00, -5.33423182e+00,
        -4.13565234e+00, -2.63731233e+00],
       [-3.41740857e+00, -5.93836771e+00, -3.54582675e+00,
        -6.72420505e+00, -5.15482189e+00, -5.72755714e+00,
        -4.55199704e+00, -6.12493950e+00, -9.38182537e-01,
        -6.60601099e+00, -7.04095515e+00, -2.13474175e+00,
        -7.58595767e+00, -3.46582113e+00, -7.18816145e+00,
        -7.26131488e+00, -3.46518255e+00, -4.62308780e+00,
        -3.20334649e+00, -3.84762513e+00, -2.04919086e+00,
        -5.15732593e+00, -4.62643643e+00, -6.38914945e+00,
        -2.59911963e+00, -3.11777049e+00],
       [-4.96029635e+00, -7.55009506e+00, -4.75325836e+00,
        -6.75677988e+00, -5.16544580e+00, -6.45804193e+00,
        -4.57952503e+00, -5.70136004e+00, -2.05145096e+00,
        -7.10313371e+00, -7.75996421e+00, -4.48750428e-01,
        -7.72782762e+00, -2.92623667e+00, -7.86222204e+00,
        -7.67902467e+00, -4.25643931e+00, -5.26854820e+00,
        -3.99030336e+00, -3.52605052e+00, -3.36386307e+00,
        -5.73871723e+00, -6.56140043e+00, -7.16316129e+00,
        -4.50864502e+00, -3.89088384e+00],
       [-6.15686461e+00, -6.78442497e+00, -4.76890392e+00,
        -5.38925134e+00, -5.19886220e+00, -5.61614502e+00,
        -2.89897868e+00, -4.50992983e+00, -3.01813786e+00,
        -7.00293614e+00, -5.83525235e+00, -2.49968962e+00,
        -7.05115861e+00, -5.06565387e+00, -9.01413188e+00,
        -7.31542491e+00, -6.86131735e+00, -5.05805651e+00,
        -2.63570363e+00, -4.43019948e+00, -4.17242553e+00,
        -7.35781496e+00, -6.34997662e+00, -5.53358759e+00,
        -4.59501286e-01, -3.84804462e+00]])
 binary: 
array([[[-20.42840152, -18.50719295,  -6.39292584, ..., -19.90701309,
         -24.5538476 , -23.98097832],
        [-28.56306648, -28.89617669, -19.23033787, ..., -32.69559996,
         -33.17615906, -32.21088456],
        [-29.03404668, -36.26641948, -20.33503653, ..., -37.3279816 ,
         -37.61809816, -36.36154082],
        ...,
        [-24.59041058, -28.33708805, -15.54881016, ..., -29.57563979,
         -29.90787429, -28.84756893],
        [-18.9185356 , -22.68443168, -10.03091671, ..., -23.89634193,
         -24.73995769, -23.32968281],
        [-27.14806157, -32.45188911, -20.04881368, ..., -33.6278307 ,
         -34.29360535, -27.18202341]],

       [[-14.02571809, -15.05592386, -16.48699166, ..., -16.09462419,
         -23.22672205, -21.95608032],
        [-20.70256862, -24.04227489, -27.8246985 , ..., -27.31985549,
         -29.41182363, -28.62575328],
        [ -1.5467237 , -11.79359465,  -9.40336512, ..., -12.47686112,
         -15.64995559, -13.26038507],
        ...,
        [-19.3742896 , -26.13106106, -26.88283136, ..., -26.98583889,
         -30.233351  , -28.06653016],
        [-20.50569704, -26.93990856, -27.64348313, ..., -26.94510302,
         -27.92436637, -26.34223091],
        [-18.17993081, -26.49192828, -27.52717549, ..., -27.01220555,
         -29.3113359 , -22.44039087]],

       [[ -9.486385  ,  -9.22673684, -12.59275648, ...,  -8.11537678,
          -8.93315623, -14.23815421],
        [-17.05993315, -19.09387758, -24.91244114, ..., -20.37645639,
         -17.0346133 , -21.9410047 ],
        [ -9.89050494, -18.83614386, -18.34999235, ..., -17.36740509,
         -14.23500335, -18.45017843],
        ...,
        [-15.63730918, -21.08900822, -23.77470787, ..., -19.79171525,
         -16.74119236, -21.18464725],
        [-19.36275065, -24.82038723, -27.62809318, ..., -23.43943721,
         -19.93352051, -24.95455212],
        [-15.23771134, -22.25711842, -25.31026573, ..., -20.86680179,
         -17.58532568, -16.52446907]],

       ...,

       [[-11.73664225,  -7.18273343,  -7.55050668, ...,  -7.87988236,
         -11.38808883, -12.67094876],
        [-12.37335129, -10.2094187 , -12.97785699, ..., -13.2629843 ,
         -12.67810792, -13.48988355],
        [ -5.65144337, -10.33744779,  -6.86949505, ..., -10.66411977,
         -10.23575872, -10.43761404],
        ...,
        [-10.96317937, -12.14999416, -11.8402106 , ..., -12.69261901,
         -12.32199286, -12.73894352],
        [ -8.6830836 ,  -9.88875047,  -9.70063051, ..., -10.38223324,
          -9.98851689, -10.55086096],
        [ -6.40448538,  -9.1603741 ,  -9.21429047, ...,  -9.6091453 ,
          -9.15853408,  -3.9301597 ]],

       [[-13.29490085,  -8.80057285,  -8.76155135, ...,  -8.66053115,
         -13.28812295, -13.45117243],
        [-13.93603256, -11.82309816, -14.17430489, ..., -14.02941993,
         -14.56213903, -14.2651577 ],
        [ -7.21201063, -11.95270372,  -8.08316007, ..., -11.44655598,
         -12.14196997, -11.22000484],
        ...,
        [-12.53596609, -13.77650514, -13.05536298, ..., -13.47491933,
         -14.21954365, -13.52778144],
        [-10.22195291, -11.48254315, -10.89111591, ..., -11.14191144,
         -11.87134939, -11.31114528],
        [ -7.96110274, -10.77174125, -10.42298177, ..., -10.38734048,
         -11.06103561,  -4.70784302]],

       [[-14.48073774,  -8.036466  ,  -8.77768249, ...,  -7.02774711,
          -9.24064991, -13.41075786],
        [-15.13366278, -11.05825148, -14.20940925, ..., -12.41590681,
         -10.52642503, -14.22879607],
        [ -8.39493203, -11.18345762,  -8.09642293, ...,  -9.81417715,
          -8.09168056, -11.17674667],
        ...,
        [-13.72502573, -13.02419816, -13.07768783, ..., -11.85013492,
         -10.17469754, -13.48525199],
        [-11.41376104, -10.72291932, -10.91491199, ...,  -9.51841058,
          -7.83079249, -11.27630235],
        [ -9.14112174,  -9.99873549, -10.43458221, ...,  -8.75089218,
          -7.00676399,  -4.66088603]]])]
is_dense:True
use_scipy_optimize:True
subprecision:0.001
use_tensorboard:False
